15
ratio
Rectilinear
521.75
3	5
full

1	0	0	0	0	0	0	0	0	0	0	0	0	0	0	0	1	4
2	10	0	0	0	0	0	0	0	0	0	0	0	0	0	0	1	4
3	0	1	0	0	0	0	0	0	0	0	0	0	0	0	0	1	4
4	5	3	10	0	0	0	0	0	0	0	0	0	0	0	0	1	4
5	1	2	2	1	0	0	0	0	0	0	0	0	0	0	0	1	4	
6	0	2	0	1	3	0	0	0	0	0	0	0	0	0	0	1	4	
7	1	2	2	5	5	2	0	0	0	0	0	0	0	0	0	1	4	
8	2	3	5	0	5	2	6	0	0	0	0	0	0	0	0	1	4	
9	2	2	4	0	5	1	0	5	0	0	0	0	0	0	0	1	4
10	2	0	5	2	1	5	1	2	0	0	0	0	0	0	0	1	4
11	2	2	2	1	0	0	5	10	10	0	0	0	0	0	0	1	4
12	0	0	2	0	3	0	5	0	5	4	5	0	0	0	0	1	4
13	4	10	5	2	0	2	5	5	10	0	0	3	0	0	0	1	4
14	0	5	5	5	5	5	1	0	0	0	5	3	10	0	0	1	4
15	0	0	5	0	5	10	0	0	2	5	0	0	2	4	0	1	4

